28.52879839198802
28.735887807300415
29.700864671271354
30.16246969037662
30.258157596752984
30.663886623485105
30.51188308691834
30.822951015370187
31.11659853557578
31.24817872605713
31.24276837350841
31.371651002678032
31.554213396274413
31.576647254536518
31.543699396128616
31.516169043709738
31.811095700488874
31.653130395487963
31.69401802126876
31.679017411673886
31.711310211816336
31.708100005880162
31.72640436157819
31.702774566342818
29.75816495134497
31.768120296033977
31.75210839777877
31.763857546751314
31.653810210531525
31.709760609947836
31.88265787731898
31.865598208160566
31.904005628952696
31.89046293290226
31.781015150935847
31.907017277512306
31.949174879389457
31.93428827316909
31.908973989692377
31.92951297744138
31.881666995603396
31.929029244090593
31.89967441034533
31.969785603818902
31.9273773654472
31.985450805537457
31.95518862489674
31.894125534260322
32.009764157261095
31.939044005540204
31.980456578178718
31.943454814807794
31.892762451851375
31.966653158684153
31.966704169185373
32.020034201783886
31.915872868288826
31.95336277996732
31.956172904424765
31.939773253497165
