34.98075813745609
34.94297772132324
34.69796029390879
35.08462149022772
35.895931673420854
36.319432072030615
36.21191344975867
36.615043308993485
36.55553507459354
36.24766631428054
36.90691058976738
37.15958302523607
37.295575029607626
36.97819916192506
37.20559218622296
37.52677774332161
37.2701459989252
36.65700837375609
37.46643680152022
37.55357526096098
37.98362966758722
37.992570242773766
38.11354404950364
38.08932587676761
37.95399738327193
38.01657347640523
38.03619546300658
38.10315013732454
38.04808697369708
38.195396654086444
38.17455802691489
38.202621751559235
38.18875456915495
38.230315816585914
38.237443356462336
38.14994539598225
38.042874824471866
38.17737620201973
38.19817107212371
38.07686969826654
38.20239521415626
38.22737077198849
38.22440863651909
38.20570151725575
38.24908537464103
38.17360541609687
38.17519500253574
38.23890088960802
38.270525764010614
38.21971384730506
